%YAML:1.0
results: !!opencv-matrix
   rows: 200
   cols: 4
   dt: f
   data: [ 1.80390684e+04, 1.03553154e+04, 2.38046816e+04,
       1.29239277e+04, 1.82200664e+04, 8.77817285e+03, 2.25000801e+04,
       1.53501035e+04, 2.58424883e+04, 1.49054600e+04, 2.23369297e+04,
       2.26194512e+04, 6.67445898e+03, 1.27031748e+04, 2.06766445e+04,
       1.04320264e+04, 1.86332275e+03, 7.77914160e+03, 2.70362559e+04,
       4.09306299e+03, 9.60679395e+03, 9.02620215e+03, 2.20951855e+04,
       1.19413594e+04, 3.20524785e+04, 1.64869746e+04, 4.11838867e+04,
       1.58048076e+04, 5.04198281e+04, 1.74549883e+04, 4.44603438e+04,
       3.51343164e+04, 5.52493711e+04, 3.44007852e+04, 5.45130391e+04,
       4.63610234e+04, 2.36803184e+04, 2.52679746e+04, 5.30867031e+04,
       2.24148984e+04, 9.24465039e+03, 8.51675195e+03, 2.11970977e+04,
       3.58218594e+04, 2.00383066e+04, 3.14681621e+04, 1.29654600e+04,
       5.69388789e+04, 2.44586836e+04, 4.00298359e+04, 1.00505352e+04,
       5.96068555e+04, 5.93206836e+04, 7.04280703e+04, 1.85362832e+04,
       9.00919688e+04, 6.18043711e+04, 7.06856875e+04, 2.03316152e+04,
       8.48241563e+04, 3.21324648e+04, 2.76863281e+04, 1.23828037e+04,
       2.23630410e+04, 4.93760078e+04, 4.42327891e+04, 3.11462520e+04,
       4.76850664e+04, 2.45733320e+04, 1.62597852e+04, 3.28750352e+04,
       3.20680508e+04, 1.37319775e+04, 1.60333965e+04, 4.19666836e+04,
       3.06364375e+04, 1.43576309e+04, 4.24851270e+03, 2.23327559e+04,
       1.29672510e+04, 9.30897461e+03, 2.24104629e+04, 8.60748633e+03,
       3.81577773e+04, 1.46194355e+04, 1.44425957e+04, 1.44750215e+04,
       1.61204580e+04, 3.53362773e+04, 1.08354141e+04, 1.40596572e+04,
       2.26288906e+04, 8.04971563e+04, 2.69667559e+04, 1.22317969e+04,
       5.84556914e+04, 5.15595391e+04, 4.49167891e+04, 2.87109258e+04,
       5.02168828e+04, 4.39792891e+04, 3.37006875e+04, 2.83996484e+04,
       3.27437598e+04, 3.44690742e+04, 2.43152402e+04, 2.01838086e+04,
       2.81145703e+04, 6.45545078e+04, 4.23987461e+04, 8.02963623e+03,
       4.96677500e+04, 5.49093125e+04, 3.24198770e+04, 1.46499795e+04,
       4.22819023e+04, 1.73171660e+04, 2.75990313e+04, 8.35485645e+03,
       2.17588770e+04, 2.66719199e+04, 2.40553281e+04, 7.68924141e+04,
       3.40457266e+04, 5.72123828e+04, 3.92526133e+04, 8.92850078e+04,
       4.89343594e+04, 4.29627578e+04, 2.29252637e+04, 6.80857500e+04,
       3.48388320e+04, 3.65294805e+04, 2.20268750e+04, 5.71209844e+04,
       3.16063125e+04, 3.02228047e+04, 1.88975508e+04, 5.11849805e+04,
       2.31808145e+04, 4.23058203e+04, 2.94305449e+04, 5.87514375e+04,
       3.55381523e+04, 4.87266563e+04, 4.58441445e+04, 5.72360625e+04,
       4.53799180e+04, 3.51811055e+04, 3.54773672e+04, 5.19413477e+04,
       3.11850488e+04, 3.64134688e+04, 3.57699844e+04, 5.09105000e+04,
       2.68687109e+04, 3.48992383e+04, 3.38152773e+04, 4.71306328e+04,
       2.46673320e+04, 3.42577070e+04, 3.56728633e+04, 3.60433398e+04,
       3.20651133e+04, 3.79154258e+04, 38853., 3.94775273e+04,
       3.36827578e+04, 4.32933359e+04, 4.31424023e+04, 4.37014531e+04,
       3.73755078e+04, 4.54928125e+04, 4.55069883e+04, 4.59980547e+04,
       4.19608438e+04, 4.88695430e+04, 4.85921133e+04, 4.89006328e+04,
       4.57273164e+04, 5.04779883e+04, 5.00976172e+04, 5.04370156e+04,
       4.66471758e+04, 5.00972852e+04, 4.98331016e+04, 5.00550781e+04,
       4.69368398e+04, 5.22390313e+04, 5.19698789e+04, 5.24482383e+04,
       4.91083242e+04, 5.69139609e+04, 5.65675078e+04, 5.69855273e+04,
       5.40798906e+04, 5.83973477e+04, 5.89185898e+04, 5.92543359e+04,
       5.60120586e+04, 2.22835488e+04, 2.90437051e+04, 3.01690469e+04,
       2.16795293e+04, 3.70494023e+04, 3.86507031e+04, 3.92230117e+04,
       3.23012930e+04, 3.79907070e+04, 3.76070703e+04, 3.80952930e+04,
       3.25834531e+04, 3.82757266e+04, 3.90567070e+04, 3.92999531e+04,
       3.49754648e+04, 2.71990352e+04, 2.73306660e+04, 2.73814980e+04,
       2.40267734e+04, 2.03367168e+04, 2.15313867e+04, 2.17918867e+04,
       1.75803750e+04, 2.47805332e+04, 2.58864590e+04, 2.67796641e+04,
       2.20288398e+04, 2.87165547e+04, 2.85462363e+04, 2.98362676e+04,
       2.36423789e+04, 3.27095293e+04, 3.15567246e+04, 3.33079688e+04,
       2.75789883e+04, 3.41626055e+04, 3.37390977e+04, 3.41822461e+04,
       3.08651133e+04, 4.03886992e+04, 4.14936406e+04, 4.25579219e+04,
       3.80925078e+04, 4.14538867e+04, 4.15988242e+04, 4.25117969e+04,
       3.83288164e+04, 3.91798203e+04, 4.20316992e+04, 4.30696289e+04,
       3.98938047e+04, 4.17116523e+04, 4.29423711e+04, 4.36781211e+04,
       4.05897383e+04, 4.16680039e+04, 4.32605938e+04, 4.36781211e+04,
       4.05859453e+04, 4.22244453e+04, 4.25235352e+04, 4.36781211e+04,
       4.01050469e+04, 3.98990469e+04, 4.03851680e+04, 4.15975117e+04,
       3.74094883e+04, 4.07397422e+04, 3.90622266e+04, 4.09162813e+04,
       3.38447461e+04, 3.94602500e+04, 3.96509609e+04, 4.09162813e+04,
       3.55679648e+04, 4.15676172e+04, 4.11439180e+04, 4.22485273e+04,
       3.49731406e+04, 1.14476609e+05, 1.15958016e+05, 1.16602156e+05,
       1.12957344e+05, 1.14332922e+05, 1.16059398e+05, 1.16602156e+05,
       1.12981078e+05, 1.16448289e+05, 1.15916977e+05, 1.16602156e+05,
       1.12989008e+05, 1.10071078e+05, 1.11181539e+05, 1.11956430e+05,
       1.06635992e+05, 1.11954109e+05, 1.11370773e+05, 1.11956430e+05,
       1.08537648e+05, 1.19477859e+05, 1.19217992e+05, 1.19571898e+05,
       1.16617563e+05, 1.11020906e+05, 1.10652602e+05, 1.11103117e+05,
       1.07746844e+05, 1.08273180e+05, 1.08404148e+05, 1.08715781e+05,
       1.05526336e+05, 1.08898141e+05, 1.08575445e+05, 1.08975289e+05,
       1.06110359e+05, 9.91345547e+04, 1.05590773e+05, 1.06704641e+05,
       1.01271641e+05, 2.46634790e+03, 3.11099945e+02, 3.38859711e+02,
       2.37055737e+03, 1.58550427e+03, 1.55337988e+03, 1.64410510e+03,
       1.39245776e+03, 1.18667090e+03, 1.10300354e+03, 1.16409656e+03,
       1.35666394e+03, 1.16270625e+04, 1.12762549e+04, 1.15933350e+04,
       7.85232129e+03, 1.57139453e+04, 1.56547168e+04, 1.58517305e+04,
       1.37346445e+04, 3.18522188e+04, 4.23682266e+04, 7.54587969e+04,
       2.10811035e+04, 2.81964258e+04, 3.12921895e+04, 1.00025070e+05,
       1.33707793e+04, 3.42354688e+04, 4.55428281e+04, 1.10753867e+05,
       1.71665625e+04, 6.86608906e+04, 7.60207578e+04, 1.39020469e+05,
       4.54440508e+04, 3.72243633e+04, 3.91929219e+04, 5.51611406e+04,
       2.38322051e+04, 2.29547441e+04, 2.59328633e+04, 2.63849844e+04,
       2.31649648e+04, 2.50898633e+04, 2.40291543e+04, 2.50566855e+04,
       2.32055293e+04, 2.43874512e+04, 2.40932305e+04, 2.47392617e+04,
       2.26711270e+04, 2.38901504e+04, 2.42959512e+04, 2.52672031e+04,
       2.20245605e+04, 2.63711426e+04, 2.54819434e+04, 2.66214336e+04,
       2.32613516e+04, 2.58045527e+04, 2.54844883e+04, 2.58914395e+04,
       2.42207070e+04, 2.53866563e+04, 2.51727930e+04, 2.59387676e+04,
       2.36584316e+04, 2.49128965e+04, 2.48771621e+04, 2.67121973e+04,
       2.25738398e+04, 2.62003574e+04, 2.54440820e+04, 2.64629395e+04,
       2.35828535e+04, 2.58292910e+04, 2.54580566e+04, 2.65289375e+04,
       2.43476094e+04, 2.28314668e+04, 2.34053457e+04, 2.49028047e+04,
       2.18298789e+04, 2.08625957e+04, 2.18389961e+04, 2.38886152e+04,
       2.02358164e+04, 2.06225293e+04, 2.14830020e+04, 2.33933750e+04,
       1.98003887e+04, 2.40564590e+04, 2.26023613e+04, 2.47625645e+04,
       2.12784707e+04, 2.05710059e+04, 2.01055723e+04, 2.24186738e+04,
       1.86919063e+04, 1.77361445e+04, 1.84024551e+04, 2.25542871e+04,
       1.66038516e+04, 1.59841436e+04, 1.64679043e+04, 2.04298828e+04,
       1.54603184e+04, 1.46605313e+04, 1.52320840e+04, 1.91974473e+04,
       1.44183809e+04, 1.78822715e+04, 1.36612920e+04, 1.73255352e+04,
       1.51676904e+04, 2.05751836e+04, 1.97233105e+04, 1.77566973e+04,
       1.89354824e+04, 1.39487393e+04, 1.97451895e+04, 2.72263984e+04,
       1.13155244e+04, 9.92624316e+03, 1.34979639e+04, 2.09255098e+04,
